{
 "cells": [
  {
   "cell_type": "code",
   "execution_count": 1,
   "metadata": {},
   "outputs": [],
   "source": [
    "import pandas as pd\n",
    "import numpy as np\n",
    "import sklearn as sk\n",
    "import seaborn as sns\n",
    "import matplotlib.pyplot as plt\n",
    "%matplotlib inline\n",
    "plt.rcParams[\"figure.figsize\"] = (20,10)"
   ]
  },
  {
   "cell_type": "code",
   "execution_count": 2,
   "metadata": {},
   "outputs": [],
   "source": [
    "data = pd.read_csv('adult.data')"
   ]
  },
  {
   "cell_type": "code",
   "execution_count": 3,
   "metadata": {},
   "outputs": [
    {
     "name": "stdout",
     "output_type": "stream",
     "text": [
      "<class 'pandas.core.frame.DataFrame'>\n",
      "RangeIndex: 32560 entries, 0 to 32559\n",
      "Data columns (total 15 columns):\n",
      "39                32560 non-null int64\n",
      " State-gov        32560 non-null object\n",
      " 77516            32560 non-null int64\n",
      " Bachelors        32560 non-null object\n",
      " 13               32560 non-null int64\n",
      " Never-married    32560 non-null object\n",
      " Adm-clerical     32560 non-null object\n",
      " Not-in-family    32560 non-null object\n",
      " White            32560 non-null object\n",
      " Male             32560 non-null object\n",
      " 2174             32560 non-null int64\n",
      " 0                32560 non-null int64\n",
      " 40               32560 non-null int64\n",
      " United-States    32560 non-null object\n",
      " <=50K            32560 non-null object\n",
      "dtypes: int64(6), object(9)\n",
      "memory usage: 3.7+ MB\n"
     ]
    }
   ],
   "source": [
    "data.info()\n",
    "data.columns = ['age','work-class','fnlwgt','education','edu-num','marital',\n",
    "                'occup','relatnip','race','sex','gain','loss','hours','citizenship','>50k']"
   ]
  },
  {
   "cell_type": "code",
   "execution_count": 4,
   "metadata": {},
   "outputs": [
    {
     "data": {
      "text/plain": [
       "array([' <=50K', ' >50K'], dtype=object)"
      ]
     },
     "execution_count": 4,
     "metadata": {},
     "output_type": "execute_result"
    }
   ],
   "source": [
    "data['>50k'].unique()"
   ]
  },
  {
   "cell_type": "code",
   "execution_count": 5,
   "metadata": {},
   "outputs": [],
   "source": [
    "data['>50k'] = data['>50k'].map({' <=50K':0,' >50K':1})"
   ]
  },
  {
   "cell_type": "code",
   "execution_count": 6,
   "metadata": {},
   "outputs": [
    {
     "name": "stdout",
     "output_type": "stream",
     "text": [
      "<class 'pandas.core.frame.DataFrame'>\n",
      "RangeIndex: 32560 entries, 0 to 32559\n",
      "Data columns (total 15 columns):\n",
      "age            32560 non-null int64\n",
      "work-class     32560 non-null object\n",
      "fnlwgt         32560 non-null int64\n",
      "education      32560 non-null object\n",
      "edu-num        32560 non-null int64\n",
      "marital        32560 non-null object\n",
      "occup          32560 non-null object\n",
      "relatnip       32560 non-null object\n",
      "race           32560 non-null object\n",
      "sex            32560 non-null object\n",
      "gain           32560 non-null int64\n",
      "loss           32560 non-null int64\n",
      "hours          32560 non-null int64\n",
      "citizenship    32560 non-null object\n",
      ">50k           32560 non-null int64\n",
      "dtypes: int64(7), object(8)\n",
      "memory usage: 3.7+ MB\n"
     ]
    }
   ],
   "source": [
    "data.info()"
   ]
  },
  {
   "cell_type": "code",
   "execution_count": 7,
   "metadata": {},
   "outputs": [],
   "source": [
    "l = list(data['work-class'].unique())"
   ]
  },
  {
   "cell_type": "code",
   "execution_count": 8,
   "metadata": {},
   "outputs": [
    {
     "data": {
      "text/plain": [
       "[' Self-emp-not-inc',\n",
       " ' Private',\n",
       " ' State-gov',\n",
       " ' Federal-gov',\n",
       " ' Local-gov',\n",
       " ' ?',\n",
       " ' Self-emp-inc',\n",
       " ' Without-pay',\n",
       " ' Never-worked']"
      ]
     },
     "execution_count": 8,
     "metadata": {},
     "output_type": "execute_result"
    }
   ],
   "source": [
    "l"
   ]
  },
  {
   "cell_type": "code",
   "execution_count": 9,
   "metadata": {},
   "outputs": [],
   "source": [
    "def rep_mean(var,data):\n",
    "    l = list(data[var].unique())\n",
    "    d = dict()\n",
    "    for obj in l:\n",
    "        d[obj] = data[data[var]==obj]['>50k'].mean()\n",
    "    return d"
   ]
  },
  {
   "cell_type": "code",
   "execution_count": 10,
   "metadata": {},
   "outputs": [
    {
     "data": {
      "text/plain": [
       "{' Self-emp-not-inc': 0.2849271940181031,\n",
       " ' Private': 0.21867289390200917,\n",
       " ' State-gov': 0.27216653816499614,\n",
       " ' Federal-gov': 0.38645833333333335,\n",
       " ' Local-gov': 0.29479216435738176,\n",
       " ' ?': 0.10403050108932461,\n",
       " ' Self-emp-inc': 0.557347670250896,\n",
       " ' Without-pay': 0.0,\n",
       " ' Never-worked': 0.0}"
      ]
     },
     "execution_count": 10,
     "metadata": {},
     "output_type": "execute_result"
    }
   ],
   "source": [
    "temp1 = rep_mean('work-class',data)\n",
    "temp1"
   ]
  },
  {
   "cell_type": "code",
   "execution_count": 11,
   "metadata": {},
   "outputs": [
    {
     "name": "stdout",
     "output_type": "stream",
     "text": [
      "<class 'pandas.core.frame.DataFrame'>\n",
      "RangeIndex: 32560 entries, 0 to 32559\n",
      "Data columns (total 15 columns):\n",
      "age            32560 non-null int64\n",
      "work-class     32560 non-null float64\n",
      "fnlwgt         32560 non-null int64\n",
      "education      32560 non-null object\n",
      "edu-num        32560 non-null int64\n",
      "marital        32560 non-null object\n",
      "occup          32560 non-null object\n",
      "relatnip       32560 non-null object\n",
      "race           32560 non-null object\n",
      "sex            32560 non-null object\n",
      "gain           32560 non-null int64\n",
      "loss           32560 non-null int64\n",
      "hours          32560 non-null int64\n",
      "citizenship    32560 non-null object\n",
      ">50k           32560 non-null int64\n",
      "dtypes: float64(1), int64(7), object(7)\n",
      "memory usage: 3.7+ MB\n"
     ]
    }
   ],
   "source": [
    "data['work-class'] = data['work-class'].map(temp1)\n",
    "data.info()"
   ]
  },
  {
   "cell_type": "code",
   "execution_count": 12,
   "metadata": {},
   "outputs": [],
   "source": [
    "temp2 = rep_mean('education',data)\n",
    "data['education'] = data['education'].map(temp2)"
   ]
  },
  {
   "cell_type": "code",
   "execution_count": 13,
   "metadata": {},
   "outputs": [
    {
     "name": "stdout",
     "output_type": "stream",
     "text": [
      "<class 'pandas.core.frame.DataFrame'>\n",
      "RangeIndex: 32560 entries, 0 to 32559\n",
      "Data columns (total 15 columns):\n",
      "age            32560 non-null int64\n",
      "work-class     32560 non-null float64\n",
      "fnlwgt         32560 non-null int64\n",
      "education      32560 non-null float64\n",
      "edu-num        32560 non-null int64\n",
      "marital        32560 non-null object\n",
      "occup          32560 non-null object\n",
      "relatnip       32560 non-null object\n",
      "race           32560 non-null object\n",
      "sex            32560 non-null object\n",
      "gain           32560 non-null int64\n",
      "loss           32560 non-null int64\n",
      "hours          32560 non-null int64\n",
      "citizenship    32560 non-null object\n",
      ">50k           32560 non-null int64\n",
      "dtypes: float64(2), int64(7), object(6)\n",
      "memory usage: 3.7+ MB\n"
     ]
    }
   ],
   "source": [
    "data.info()"
   ]
  },
  {
   "cell_type": "code",
   "execution_count": 14,
   "metadata": {},
   "outputs": [
    {
     "name": "stdout",
     "output_type": "stream",
     "text": [
      "<class 'pandas.core.frame.DataFrame'>\n",
      "RangeIndex: 32560 entries, 0 to 32559\n",
      "Data columns (total 15 columns):\n",
      "age            32560 non-null int64\n",
      "work-class     32560 non-null float64\n",
      "fnlwgt         32560 non-null int64\n",
      "education      32560 non-null float64\n",
      "edu-num        32560 non-null int64\n",
      "marital        32560 non-null float64\n",
      "occup          32560 non-null object\n",
      "relatnip       32560 non-null object\n",
      "race           32560 non-null object\n",
      "sex            32560 non-null object\n",
      "gain           32560 non-null int64\n",
      "loss           32560 non-null int64\n",
      "hours          32560 non-null int64\n",
      "citizenship    32560 non-null object\n",
      ">50k           32560 non-null int64\n",
      "dtypes: float64(3), int64(7), object(5)\n",
      "memory usage: 3.7+ MB\n"
     ]
    }
   ],
   "source": [
    "temp3 = rep_mean('marital',data)\n",
    "data['marital'] = data['marital'].map(temp3)\n",
    "data.info()"
   ]
  },
  {
   "cell_type": "code",
   "execution_count": 15,
   "metadata": {},
   "outputs": [
    {
     "name": "stdout",
     "output_type": "stream",
     "text": [
      "<class 'pandas.core.frame.DataFrame'>\n",
      "RangeIndex: 32560 entries, 0 to 32559\n",
      "Data columns (total 15 columns):\n",
      "age            32560 non-null int64\n",
      "work-class     32560 non-null float64\n",
      "fnlwgt         32560 non-null int64\n",
      "education      32560 non-null float64\n",
      "edu-num        32560 non-null int64\n",
      "marital        32560 non-null float64\n",
      "occup          32560 non-null float64\n",
      "relatnip       32560 non-null object\n",
      "race           32560 non-null object\n",
      "sex            32560 non-null object\n",
      "gain           32560 non-null int64\n",
      "loss           32560 non-null int64\n",
      "hours          32560 non-null int64\n",
      "citizenship    32560 non-null object\n",
      ">50k           32560 non-null int64\n",
      "dtypes: float64(4), int64(7), object(4)\n",
      "memory usage: 3.7+ MB\n"
     ]
    }
   ],
   "source": [
    "temp4 = rep_mean('occup',data)\n",
    "data['occup'] = data['occup'].map(temp4)\n",
    "data.info()"
   ]
  },
  {
   "cell_type": "code",
   "execution_count": 16,
   "metadata": {},
   "outputs": [],
   "source": [
    "temp5 = rep_mean('relatnip',data)\n",
    "data['relatnip'] = data['relatnip'].map(temp5)\n",
    "temp6 = rep_mean('race',data)\n",
    "data['race'] = data['race'].map(temp6)\n",
    "temp7 = rep_mean('sex',data)\n",
    "data['sex'] = data['sex'].map(temp7)\n",
    "temp8 = rep_mean('citizenship',data)\n",
    "data['citizenship'] = data['citizenship'].map(temp8)"
   ]
  },
  {
   "cell_type": "code",
   "execution_count": 17,
   "metadata": {},
   "outputs": [
    {
     "name": "stdout",
     "output_type": "stream",
     "text": [
      "<class 'pandas.core.frame.DataFrame'>\n",
      "RangeIndex: 32560 entries, 0 to 32559\n",
      "Data columns (total 15 columns):\n",
      "age            32560 non-null int64\n",
      "work-class     32560 non-null float64\n",
      "fnlwgt         32560 non-null int64\n",
      "education      32560 non-null float64\n",
      "edu-num        32560 non-null int64\n",
      "marital        32560 non-null float64\n",
      "occup          32560 non-null float64\n",
      "relatnip       32560 non-null float64\n",
      "race           32560 non-null float64\n",
      "sex            32560 non-null float64\n",
      "gain           32560 non-null int64\n",
      "loss           32560 non-null int64\n",
      "hours          32560 non-null int64\n",
      "citizenship    32560 non-null float64\n",
      ">50k           32560 non-null int64\n",
      "dtypes: float64(8), int64(7)\n",
      "memory usage: 3.7 MB\n"
     ]
    }
   ],
   "source": [
    "data.info()"
   ]
  },
  {
   "cell_type": "code",
   "execution_count": 18,
   "metadata": {},
   "outputs": [
    {
     "data": {
      "text/html": [
       "<div>\n",
       "<style scoped>\n",
       "    .dataframe tbody tr th:only-of-type {\n",
       "        vertical-align: middle;\n",
       "    }\n",
       "\n",
       "    .dataframe tbody tr th {\n",
       "        vertical-align: top;\n",
       "    }\n",
       "\n",
       "    .dataframe thead th {\n",
       "        text-align: right;\n",
       "    }\n",
       "</style>\n",
       "<table border=\"1\" class=\"dataframe\">\n",
       "  <thead>\n",
       "    <tr style=\"text-align: right;\">\n",
       "      <th></th>\n",
       "      <th>age</th>\n",
       "      <th>work-class</th>\n",
       "      <th>fnlwgt</th>\n",
       "      <th>education</th>\n",
       "      <th>edu-num</th>\n",
       "      <th>marital</th>\n",
       "      <th>occup</th>\n",
       "      <th>relatnip</th>\n",
       "      <th>race</th>\n",
       "      <th>sex</th>\n",
       "      <th>gain</th>\n",
       "      <th>loss</th>\n",
       "      <th>hours</th>\n",
       "      <th>citizenship</th>\n",
       "      <th>&gt;50k</th>\n",
       "      <th>net</th>\n",
       "    </tr>\n",
       "  </thead>\n",
       "  <tbody>\n",
       "    <tr>\n",
       "      <th>age</th>\n",
       "      <td>1.000000</td>\n",
       "      <td>0.134998</td>\n",
       "      <td>-0.076646</td>\n",
       "      <td>0.109715</td>\n",
       "      <td>0.036527</td>\n",
       "      <td>0.352620</td>\n",
       "      <td>0.129828</td>\n",
       "      <td>0.359716</td>\n",
       "      <td>0.032154</td>\n",
       "      <td>0.088832</td>\n",
       "      <td>0.077674</td>\n",
       "      <td>0.057775</td>\n",
       "      <td>0.068756</td>\n",
       "      <td>0.054978</td>\n",
       "      <td>0.234039</td>\n",
       "      <td>0.080846</td>\n",
       "    </tr>\n",
       "    <tr>\n",
       "      <th>work-class</th>\n",
       "      <td>0.134998</td>\n",
       "      <td>1.000000</td>\n",
       "      <td>-0.032832</td>\n",
       "      <td>0.165634</td>\n",
       "      <td>0.154310</td>\n",
       "      <td>0.146840</td>\n",
       "      <td>0.256467</td>\n",
       "      <td>0.152018</td>\n",
       "      <td>0.034066</td>\n",
       "      <td>0.103501</td>\n",
       "      <td>0.085594</td>\n",
       "      <td>0.043664</td>\n",
       "      <td>0.188729</td>\n",
       "      <td>0.039247</td>\n",
       "      <td>0.179216</td>\n",
       "      <td>0.087997</td>\n",
       "    </tr>\n",
       "    <tr>\n",
       "      <th>fnlwgt</th>\n",
       "      <td>-0.076646</td>\n",
       "      <td>-0.032832</td>\n",
       "      <td>1.000000</td>\n",
       "      <td>-0.032106</td>\n",
       "      <td>-0.043159</td>\n",
       "      <td>-0.029536</td>\n",
       "      <td>-0.021393</td>\n",
       "      <td>-0.029521</td>\n",
       "      <td>-0.090370</td>\n",
       "      <td>0.026882</td>\n",
       "      <td>0.000437</td>\n",
       "      <td>-0.010259</td>\n",
       "      <td>-0.018770</td>\n",
       "      <td>-0.117966</td>\n",
       "      <td>-0.009481</td>\n",
       "      <td>-0.000123</td>\n",
       "    </tr>\n",
       "    <tr>\n",
       "      <th>education</th>\n",
       "      <td>0.109715</td>\n",
       "      <td>0.165634</td>\n",
       "      <td>-0.032106</td>\n",
       "      <td>1.000000</td>\n",
       "      <td>0.908682</td>\n",
       "      <td>0.121959</td>\n",
       "      <td>0.510740</td>\n",
       "      <td>0.145761</td>\n",
       "      <td>0.100876</td>\n",
       "      <td>0.044338</td>\n",
       "      <td>0.159983</td>\n",
       "      <td>0.095320</td>\n",
       "      <td>0.167560</td>\n",
       "      <td>0.161615</td>\n",
       "      <td>0.368866</td>\n",
       "      <td>0.165223</td>\n",
       "    </tr>\n",
       "    <tr>\n",
       "      <th>edu-num</th>\n",
       "      <td>0.036527</td>\n",
       "      <td>0.154310</td>\n",
       "      <td>-0.043159</td>\n",
       "      <td>0.908682</td>\n",
       "      <td>1.000000</td>\n",
       "      <td>0.085117</td>\n",
       "      <td>0.483436</td>\n",
       "      <td>0.108189</td>\n",
       "      <td>0.094836</td>\n",
       "      <td>0.012256</td>\n",
       "      <td>0.122627</td>\n",
       "      <td>0.079932</td>\n",
       "      <td>0.148127</td>\n",
       "      <td>0.242732</td>\n",
       "      <td>0.335182</td>\n",
       "      <td>0.127019</td>\n",
       "    </tr>\n",
       "    <tr>\n",
       "      <th>marital</th>\n",
       "      <td>0.352620</td>\n",
       "      <td>0.146840</td>\n",
       "      <td>-0.029536</td>\n",
       "      <td>0.121959</td>\n",
       "      <td>0.085117</td>\n",
       "      <td>1.000000</td>\n",
       "      <td>0.190817</td>\n",
       "      <td>0.970910</td>\n",
       "      <td>0.124519</td>\n",
       "      <td>0.416926</td>\n",
       "      <td>0.086812</td>\n",
       "      <td>0.080871</td>\n",
       "      <td>0.220836</td>\n",
       "      <td>0.033695</td>\n",
       "      <td>0.447396</td>\n",
       "      <td>0.091246</td>\n",
       "    </tr>\n",
       "    <tr>\n",
       "      <th>occup</th>\n",
       "      <td>0.129828</td>\n",
       "      <td>0.256467</td>\n",
       "      <td>-0.021393</td>\n",
       "      <td>0.510740</td>\n",
       "      <td>0.483436</td>\n",
       "      <td>0.190817</td>\n",
       "      <td>1.000000</td>\n",
       "      <td>0.207959</td>\n",
       "      <td>0.110016</td>\n",
       "      <td>0.096548</td>\n",
       "      <td>0.111540</td>\n",
       "      <td>0.083864</td>\n",
       "      <td>0.214347</td>\n",
       "      <td>0.123727</td>\n",
       "      <td>0.351885</td>\n",
       "      <td>0.116143</td>\n",
       "    </tr>\n",
       "    <tr>\n",
       "      <th>relatnip</th>\n",
       "      <td>0.359716</td>\n",
       "      <td>0.152018</td>\n",
       "      <td>-0.029521</td>\n",
       "      <td>0.145761</td>\n",
       "      <td>0.108189</td>\n",
       "      <td>0.970910</td>\n",
       "      <td>0.207959</td>\n",
       "      <td>1.000000</td>\n",
       "      <td>0.124968</td>\n",
       "      <td>0.416043</td>\n",
       "      <td>0.089336</td>\n",
       "      <td>0.084987</td>\n",
       "      <td>0.235568</td>\n",
       "      <td>0.037567</td>\n",
       "      <td>0.453578</td>\n",
       "      <td>0.093995</td>\n",
       "    </tr>\n",
       "    <tr>\n",
       "      <th>race</th>\n",
       "      <td>0.032154</td>\n",
       "      <td>0.034066</td>\n",
       "      <td>-0.090370</td>\n",
       "      <td>0.100876</td>\n",
       "      <td>0.094836</td>\n",
       "      <td>0.124519</td>\n",
       "      <td>0.110016</td>\n",
       "      <td>0.124968</td>\n",
       "      <td>1.000000</td>\n",
       "      <td>0.112423</td>\n",
       "      <td>0.021509</td>\n",
       "      <td>0.025955</td>\n",
       "      <td>0.051207</td>\n",
       "      <td>0.065144</td>\n",
       "      <td>0.100819</td>\n",
       "      <td>0.022930</td>\n",
       "    </tr>\n",
       "    <tr>\n",
       "      <th>sex</th>\n",
       "      <td>0.088832</td>\n",
       "      <td>0.103501</td>\n",
       "      <td>0.026882</td>\n",
       "      <td>0.044338</td>\n",
       "      <td>0.012256</td>\n",
       "      <td>0.416926</td>\n",
       "      <td>0.096548</td>\n",
       "      <td>0.416043</td>\n",
       "      <td>0.112423</td>\n",
       "      <td>1.000000</td>\n",
       "      <td>0.048477</td>\n",
       "      <td>0.045572</td>\n",
       "      <td>0.229312</td>\n",
       "      <td>0.004124</td>\n",
       "      <td>0.215995</td>\n",
       "      <td>0.050975</td>\n",
       "    </tr>\n",
       "    <tr>\n",
       "      <th>gain</th>\n",
       "      <td>0.077674</td>\n",
       "      <td>0.085594</td>\n",
       "      <td>0.000437</td>\n",
       "      <td>0.159983</td>\n",
       "      <td>0.122627</td>\n",
       "      <td>0.086812</td>\n",
       "      <td>0.111540</td>\n",
       "      <td>0.089336</td>\n",
       "      <td>0.021509</td>\n",
       "      <td>0.048477</td>\n",
       "      <td>1.000000</td>\n",
       "      <td>-0.031614</td>\n",
       "      <td>0.078409</td>\n",
       "      <td>0.022961</td>\n",
       "      <td>0.223333</td>\n",
       "      <td>0.998511</td>\n",
       "    </tr>\n",
       "    <tr>\n",
       "      <th>loss</th>\n",
       "      <td>0.057775</td>\n",
       "      <td>0.043664</td>\n",
       "      <td>-0.010259</td>\n",
       "      <td>0.095320</td>\n",
       "      <td>0.079932</td>\n",
       "      <td>0.080871</td>\n",
       "      <td>0.083864</td>\n",
       "      <td>0.084987</td>\n",
       "      <td>0.025955</td>\n",
       "      <td>0.045572</td>\n",
       "      <td>-0.031614</td>\n",
       "      <td>1.000000</td>\n",
       "      <td>0.054256</td>\n",
       "      <td>0.025618</td>\n",
       "      <td>0.150523</td>\n",
       "      <td>0.022954</td>\n",
       "    </tr>\n",
       "    <tr>\n",
       "      <th>hours</th>\n",
       "      <td>0.068756</td>\n",
       "      <td>0.188729</td>\n",
       "      <td>-0.018770</td>\n",
       "      <td>0.167560</td>\n",
       "      <td>0.148127</td>\n",
       "      <td>0.220836</td>\n",
       "      <td>0.214347</td>\n",
       "      <td>0.235568</td>\n",
       "      <td>0.051207</td>\n",
       "      <td>0.229312</td>\n",
       "      <td>0.078409</td>\n",
       "      <td>0.054256</td>\n",
       "      <td>1.000000</td>\n",
       "      <td>0.020311</td>\n",
       "      <td>0.229690</td>\n",
       "      <td>0.081388</td>\n",
       "    </tr>\n",
       "    <tr>\n",
       "      <th>citizenship</th>\n",
       "      <td>0.054978</td>\n",
       "      <td>0.039247</td>\n",
       "      <td>-0.117966</td>\n",
       "      <td>0.161615</td>\n",
       "      <td>0.242732</td>\n",
       "      <td>0.033695</td>\n",
       "      <td>0.123727</td>\n",
       "      <td>0.037567</td>\n",
       "      <td>0.065144</td>\n",
       "      <td>0.004124</td>\n",
       "      <td>0.022961</td>\n",
       "      <td>0.025618</td>\n",
       "      <td>0.020311</td>\n",
       "      <td>1.000000</td>\n",
       "      <td>0.098707</td>\n",
       "      <td>0.024365</td>\n",
       "    </tr>\n",
       "    <tr>\n",
       "      <th>&gt;50k</th>\n",
       "      <td>0.234039</td>\n",
       "      <td>0.179216</td>\n",
       "      <td>-0.009481</td>\n",
       "      <td>0.368866</td>\n",
       "      <td>0.335182</td>\n",
       "      <td>0.447396</td>\n",
       "      <td>0.351885</td>\n",
       "      <td>0.453578</td>\n",
       "      <td>0.100819</td>\n",
       "      <td>0.215995</td>\n",
       "      <td>0.223333</td>\n",
       "      <td>0.150523</td>\n",
       "      <td>0.229690</td>\n",
       "      <td>0.098707</td>\n",
       "      <td>1.000000</td>\n",
       "      <td>0.231600</td>\n",
       "    </tr>\n",
       "    <tr>\n",
       "      <th>net</th>\n",
       "      <td>0.080846</td>\n",
       "      <td>0.087997</td>\n",
       "      <td>-0.000123</td>\n",
       "      <td>0.165223</td>\n",
       "      <td>0.127019</td>\n",
       "      <td>0.091246</td>\n",
       "      <td>0.116143</td>\n",
       "      <td>0.093995</td>\n",
       "      <td>0.022930</td>\n",
       "      <td>0.050975</td>\n",
       "      <td>0.998511</td>\n",
       "      <td>0.022954</td>\n",
       "      <td>0.081388</td>\n",
       "      <td>0.024365</td>\n",
       "      <td>0.231600</td>\n",
       "      <td>1.000000</td>\n",
       "    </tr>\n",
       "  </tbody>\n",
       "</table>\n",
       "</div>"
      ],
      "text/plain": [
       "                  age  work-class    fnlwgt  education   edu-num   marital  \\\n",
       "age          1.000000    0.134998 -0.076646   0.109715  0.036527  0.352620   \n",
       "work-class   0.134998    1.000000 -0.032832   0.165634  0.154310  0.146840   \n",
       "fnlwgt      -0.076646   -0.032832  1.000000  -0.032106 -0.043159 -0.029536   \n",
       "education    0.109715    0.165634 -0.032106   1.000000  0.908682  0.121959   \n",
       "edu-num      0.036527    0.154310 -0.043159   0.908682  1.000000  0.085117   \n",
       "marital      0.352620    0.146840 -0.029536   0.121959  0.085117  1.000000   \n",
       "occup        0.129828    0.256467 -0.021393   0.510740  0.483436  0.190817   \n",
       "relatnip     0.359716    0.152018 -0.029521   0.145761  0.108189  0.970910   \n",
       "race         0.032154    0.034066 -0.090370   0.100876  0.094836  0.124519   \n",
       "sex          0.088832    0.103501  0.026882   0.044338  0.012256  0.416926   \n",
       "gain         0.077674    0.085594  0.000437   0.159983  0.122627  0.086812   \n",
       "loss         0.057775    0.043664 -0.010259   0.095320  0.079932  0.080871   \n",
       "hours        0.068756    0.188729 -0.018770   0.167560  0.148127  0.220836   \n",
       "citizenship  0.054978    0.039247 -0.117966   0.161615  0.242732  0.033695   \n",
       ">50k         0.234039    0.179216 -0.009481   0.368866  0.335182  0.447396   \n",
       "net          0.080846    0.087997 -0.000123   0.165223  0.127019  0.091246   \n",
       "\n",
       "                occup  relatnip      race       sex      gain      loss  \\\n",
       "age          0.129828  0.359716  0.032154  0.088832  0.077674  0.057775   \n",
       "work-class   0.256467  0.152018  0.034066  0.103501  0.085594  0.043664   \n",
       "fnlwgt      -0.021393 -0.029521 -0.090370  0.026882  0.000437 -0.010259   \n",
       "education    0.510740  0.145761  0.100876  0.044338  0.159983  0.095320   \n",
       "edu-num      0.483436  0.108189  0.094836  0.012256  0.122627  0.079932   \n",
       "marital      0.190817  0.970910  0.124519  0.416926  0.086812  0.080871   \n",
       "occup        1.000000  0.207959  0.110016  0.096548  0.111540  0.083864   \n",
       "relatnip     0.207959  1.000000  0.124968  0.416043  0.089336  0.084987   \n",
       "race         0.110016  0.124968  1.000000  0.112423  0.021509  0.025955   \n",
       "sex          0.096548  0.416043  0.112423  1.000000  0.048477  0.045572   \n",
       "gain         0.111540  0.089336  0.021509  0.048477  1.000000 -0.031614   \n",
       "loss         0.083864  0.084987  0.025955  0.045572 -0.031614  1.000000   \n",
       "hours        0.214347  0.235568  0.051207  0.229312  0.078409  0.054256   \n",
       "citizenship  0.123727  0.037567  0.065144  0.004124  0.022961  0.025618   \n",
       ">50k         0.351885  0.453578  0.100819  0.215995  0.223333  0.150523   \n",
       "net          0.116143  0.093995  0.022930  0.050975  0.998511  0.022954   \n",
       "\n",
       "                hours  citizenship      >50k       net  \n",
       "age          0.068756     0.054978  0.234039  0.080846  \n",
       "work-class   0.188729     0.039247  0.179216  0.087997  \n",
       "fnlwgt      -0.018770    -0.117966 -0.009481 -0.000123  \n",
       "education    0.167560     0.161615  0.368866  0.165223  \n",
       "edu-num      0.148127     0.242732  0.335182  0.127019  \n",
       "marital      0.220836     0.033695  0.447396  0.091246  \n",
       "occup        0.214347     0.123727  0.351885  0.116143  \n",
       "relatnip     0.235568     0.037567  0.453578  0.093995  \n",
       "race         0.051207     0.065144  0.100819  0.022930  \n",
       "sex          0.229312     0.004124  0.215995  0.050975  \n",
       "gain         0.078409     0.022961  0.223333  0.998511  \n",
       "loss         0.054256     0.025618  0.150523  0.022954  \n",
       "hours        1.000000     0.020311  0.229690  0.081388  \n",
       "citizenship  0.020311     1.000000  0.098707  0.024365  \n",
       ">50k         0.229690     0.098707  1.000000  0.231600  \n",
       "net          0.081388     0.024365  0.231600  1.000000  "
      ]
     },
     "execution_count": 18,
     "metadata": {},
     "output_type": "execute_result"
    }
   ],
   "source": [
    "data['net'] = data['gain']+data['loss']\n",
    "x = data.corr()\n",
    "x"
   ]
  },
  {
   "cell_type": "code",
   "execution_count": 19,
   "metadata": {},
   "outputs": [],
   "source": [
    "data['thresh1'] = 1000*(0.368866*data['education']+0.351885*data['occup'])\n",
    "data['thresh2'] = 1000*(0.447396*data['marital']+0.453578*data['relatnip'])"
   ]
  },
  {
   "cell_type": "code",
   "execution_count": 20,
   "metadata": {},
   "outputs": [
    {
     "name": "stdout",
     "output_type": "stream",
     "text": [
      "<class 'pandas.core.frame.DataFrame'>\n",
      "RangeIndex: 32560 entries, 0 to 32559\n",
      "Data columns (total 18 columns):\n",
      "age            32560 non-null int64\n",
      "work-class     32560 non-null float64\n",
      "fnlwgt         32560 non-null int64\n",
      "education      32560 non-null float64\n",
      "edu-num        32560 non-null int64\n",
      "marital        32560 non-null float64\n",
      "occup          32560 non-null float64\n",
      "relatnip       32560 non-null float64\n",
      "race           32560 non-null float64\n",
      "sex            32560 non-null float64\n",
      "gain           32560 non-null int64\n",
      "loss           32560 non-null int64\n",
      "hours          32560 non-null int64\n",
      "citizenship    32560 non-null float64\n",
      ">50k           32560 non-null int64\n",
      "net            32560 non-null int64\n",
      "thresh1        32560 non-null float64\n",
      "thresh2        32560 non-null float64\n",
      "dtypes: float64(10), int64(8)\n",
      "memory usage: 4.5 MB\n"
     ]
    }
   ],
   "source": [
    "data.info()"
   ]
  },
  {
   "cell_type": "code",
   "execution_count": 21,
   "metadata": {},
   "outputs": [],
   "source": [
    "features = ['age','gain','loss','hours','citizenship','sex','thresh1','thresh2']\n",
    "X = data[features]"
   ]
  },
  {
   "cell_type": "code",
   "execution_count": 22,
   "metadata": {},
   "outputs": [
    {
     "name": "stdout",
     "output_type": "stream",
     "text": [
      "<class 'pandas.core.frame.DataFrame'>\n",
      "RangeIndex: 32560 entries, 0 to 32559\n",
      "Data columns (total 8 columns):\n",
      "age            32560 non-null int64\n",
      "gain           32560 non-null int64\n",
      "loss           32560 non-null int64\n",
      "hours          32560 non-null int64\n",
      "citizenship    32560 non-null float64\n",
      "sex            32560 non-null float64\n",
      "thresh1        32560 non-null float64\n",
      "thresh2        32560 non-null float64\n",
      "dtypes: float64(4), int64(4)\n",
      "memory usage: 2.0 MB\n"
     ]
    }
   ],
   "source": [
    "X.info()"
   ]
  },
  {
   "cell_type": "code",
   "execution_count": 23,
   "metadata": {},
   "outputs": [],
   "source": [
    "from sklearn.discriminant_analysis import LinearDiscriminantAnalysis\n",
    "from sklearn.neighbors import KNeighborsClassifier\n",
    "from sklearn.naive_bayes import GaussianNB\n",
    "from sklearn.tree import DecisionTreeClassifier\n",
    "from sklearn.svm import SVC\n",
    "from sklearn.ensemble import AdaBoostClassifier\n",
    "from sklearn.ensemble import GradientBoostingClassifier\n",
    "from sklearn.ensemble import RandomForestClassifier\n",
    "from sklearn.metrics import confusion_matrix,roc_auc_score\n",
    "from sklearn.linear_model import LogisticRegression"
   ]
  },
  {
   "cell_type": "code",
   "execution_count": 24,
   "metadata": {
    "scrolled": true
   },
   "outputs": [
    {
     "data": {
